[gd_scene load_steps=2 format=2]

[ext_resource path="res://materials/cristal.material" type="Material" id=1]

[node name="cristals" type="Position3D"]

[node name="CSGBox" type="CSGBox" parent="."]
height = 6.81
material = ExtResource( 1 )

[node name="CSGBox" type="CSGBox" parent="CSGBox"]
transform = Transform( 0.598798, -0.193289, -0.777226, 0.2659, 0.963375, -0.0347251, 0.755472, -0.185871, 0.628263, 1.63, 1.27, 0.65 )
operation = 2
width = 2.65
height = 7.1
depth = 5.4
material = ExtResource( 1 )

[node name="CSGBox3" type="CSGBox" parent="."]
transform = Transform( 0.952289, 0.305197, 0, -0.248558, 0.775563, -0.580277, -0.177099, 0.552591, 0.814419, 2.95, -2.54, 3.54 )
height = 6.81
material = ExtResource( 1 )

[node name="CSGBox" type="CSGBox" parent="CSGBox3"]
transform = Transform( 0.598798, -0.193289, -0.777226, 0.2659, 0.963375, -0.0347251, 0.755472, -0.185871, 0.628263, 1.63, 1.27, 0.65 )
operation = 2
width = 2.65
height = 7.1
depth = 5.4
material = ExtResource( 1 )

[node name="CSGBox2" type="CSGBox" parent="."]
transform = Transform( 1.73246, -0.303621, -0.165099, 0.364604, 1.24466, -0.39911, 0.264122, 0.273357, 1.63388, -3.7, 0.19, 1.08 )
height = 6.81
material = ExtResource( 1 )

[node name="CSGBox" type="CSGBox" parent="CSGBox2"]
transform = Transform( 0.598798, -0.193289, -0.777226, 0.2659, 0.963375, -0.0347251, 0.755472, -0.185871, 0.628263, 1.63, 1.27, 0.65 )
operation = 2
width = 2.65
height = 7.1
depth = 5.4
material = ExtResource( 1 )

[node name="OmniLight" type="OmniLight" parent="."]
light_color = Color( 0.376471, 0.854902, 1, 1 )
light_energy = 16.0
light_specular = 1.0
omni_range = 13.0
omni_shadow_mode = 0
