[gd_scene load_steps=7 format=2]

[ext_resource path="res://materials/sand_blocks.material" type="Material" id=1]
[ext_resource path="res://textures/noise_big.tres" type="Texture" id=2]
[ext_resource path="res://materials/energy.material" type="Material" id=3]

[sub_resource type="CubeMesh" id=1]
size = Vector3( 18, 2, 18 )

[sub_resource type="SpatialMaterial" id=2]
albedo_color = Color( 0.733333, 0.729412, 0.643137, 1 )
albedo_texture = ExtResource( 2 )
metallic = 0.53
metallic_specular = 0.0
metallic_texture = ExtResource( 2 )
metallic_texture_channel = 4
roughness_texture_channel = 4
uv1_scale = Vector3( 12, 4, 4 )

[sub_resource type="SphereMesh" id=3]
material = ExtResource( 3 )
radius = 5.0
height = 10.0
radial_segments = 12
rings = 6

[node name="pyramid" type="Spatial"]

[node name="stand" type="MeshInstance" parent="."]
mesh = SubResource( 1 )
material/0 = ExtResource( 1 )

[node name="base" type="CSGCylinder" parent="."]
transform = Transform( 0.707107, 0, 0.707107, 0, 1, 0, -0.707107, 0, 0.707107, 0, 5, 0 )
radius = 11.0
height = 8.0
sides = 4
cone = true
smooth_faces = false
material = ExtResource( 1 )

[node name="cut" type="CSGBox" parent="base"]
transform = Transform( 1, 0, 0, 0, 1, 0, 0, 0, 1, 0, 0.5, 0 )
operation = 2
width = 12.0
height = 1.0
depth = 12.0
material = ExtResource( 1 )

[node name="OmniLight" type="OmniLight" parent="base"]
light_color = Color( 0.501961, 0.756863, 1, 1 )
light_energy = 2.0
omni_range = 90.0
omni_attenuation = 0.420448

[node name="stairs" type="CSGBox" parent="base"]
transform = Transform( 0.5, 0.5, 0.707107, -0.707107, 0.707107, 0, -0.5, -0.5, 0.707107, -4.94975, -3.48528, 4.94975 )
operation = 2
width = 1.0
height = 11.0
depth = 4.0
material = SubResource( 2 )

[node name="stairs2" type="CSGBox" parent="base/stairs"]
transform = Transform( 0.5, -0.5, -0.707107, -0.5, 0.5, -0.707107, 0.707107, 0.707107, -5.96046e-08, 4.94975, 4.94975, -7 )
width = 1.0
height = 11.0
depth = 4.0
material = SubResource( 2 )

[node name="stairs3" type="CSGBox" parent="base/stairs"]
transform = Transform( 2.98023e-08, -1, 0, 1, -2.98023e-08, 0, 0, 0, 1, 9.89949, 9.89949, 0 )
width = 1.0
height = 11.0
depth = 4.0
material = SubResource( 2 )

[node name="stairs4" type="CSGBox" parent="base/stairs"]
transform = Transform( -0.5, -0.5, -0.707107, 0.5, 0.5, -0.707107, 0.707107, -0.707107, -5.96046e-08, 4.94975, 4.94975, 7 )
width = 1.0
height = 11.0
depth = 4.0
material = SubResource( 2 )

[node name="MeshInstance" type="MeshInstance" parent="."]
transform = Transform( 0.828842, -0.129659, 0.544251, 0, 0.972776, 0.231748, -0.559482, -0.192082, 0.806278, 0, 6.62131, 0 )
cast_shadow = 0
use_in_baked_light = true
mesh = SubResource( 3 )
material/0 = null

[node name="MeshInstance2" type="MeshInstance" parent="MeshInstance"]
transform = Transform( -0.784601, -0.123312, -0.0958924, 0, -0.491097, 0.631525, -0.156209, 0.619369, 0.481644, 0, 0, 0 )
cast_shadow = 0
use_in_baked_light = true
mesh = SubResource( 3 )
material/0 = null
