[gd_scene load_steps=3 format=2]

[ext_resource path="res://materials/stone.material" type="Material" id=1]

[sub_resource type="CubeMesh" id=1]
material = ExtResource( 1 )
size = Vector3( 3.65, 4.08, 5.59 )
subdivide_width = 12
subdivide_height = 12
subdivide_depth = 12

[node name="stone" type="CSGMesh"]
transform = Transform( 0.873098, 0.407228, 0.268076, -0.421506, 0.906813, -0.00471237, -0.245014, -0.108881, 0.963386, -6.21, 24.7, 6.69 )
mesh = SubResource( 1 )

[node name="CSGBox" type="CSGBox" parent="."]
transform = Transform( 0.885475, -0.310515, 0.34571, 0, 0.743962, 0.668222, -0.464688, -0.591694, 0.658759, 1.71, 1.13, 3.09 )
operation = 2
width = 7.15
height = 4.78
depth = 2.34
material = ExtResource( 1 )

[node name="CSGBox2" type="CSGBox" parent="."]
transform = Transform( -0.638515, 0.430286, -0.638086, -0.0416673, 0.808559, 0.586938, 0.768481, 0.401356, -0.498348, -2.35, 1.28, -1.71 )
operation = 2
width = 7.15
height = 4.78
depth = 2.34
material = ExtResource( 1 )

[node name="CSGBox3" type="CSGBox" parent="."]
transform = Transform( 0.80804, -0.580546, 0.100187, 0.58382, 0.811873, -0.00418878, -0.0789074, 0.0618759, 0.99496, -0.97, -2.27, 0 )
operation = 2
width = 1.4
height = 6.48
depth = 8.12
material = ExtResource( 1 )
